1 -0.5 0 0.26674301579344983 0.26674301579344983 -0.25
2 -0.25 0 0.097117470807788653 0.097117470807788653 -0.125
3 -0.125 0 -0.057654447184693591 -0.057654447184693591 -0.0625
4 -0.0625 0 -0.16724489792373298 -0.16724489792373298 -0.03125
5 -0.031250000000000007 0 -0.23516589690711909 -0.23516589690711909 -0.015625000000000003
6 -0.015625000000000007 0 -0.2737529819233061 -0.2737529819233061 -0.0078125000000000035
7 -0.0078125000000000069 0 -0.29448237652520992 -0.29448237652520992 -0.0039062500000000035
8 -0.0039062500000000078 0 -0.30525368923169882 -0.30525368923169882 -0.0019531250000000039
9 -0.0019531250000000078 0 -0.31074810906203587 -0.31074810906203587 -0.0009765625000000039
10 -0.00097656250000000781 0 -0.31352348732765056 -0.31352348732765056 -0.0004882812500000039
11 -0.00048828125000000791 0 -0.31491834693829934 -0.31491834693829934 -0.00024414062500000396
12 -0.00024414062500000797 0 -0.31561758582286825 -0.31561758582286825 -0.00012207031250000398
13 -0.000122070312500008 0 -0.31596765961889617 -0.31596765961889617 -6.1035156250003998e-05
14 -6.1035156250007996e-05 0 -0.31614281036751679 -0.31614281036751679 -3.0517578125003998e-05
15 -3.0517578125007996e-05 0 -0.31623041423735554 -0.31623041423735554 -1.5258789062503998e-05
16 -1.5258789062507999e-05 0 -0.31627422330027355 -0.31627422330027355 -7.6293945312539997e-06
17 -7.6293945312579994e-06 0 -0.3162961296142468 -0.3162961296142468 -3.8146972656289997e-06
18 -3.8146972656329994e-06 0 -0.31630708321692658 -0.31630708321692658 -1.9073486328164997e-06
19 -1.9073486328204998e-06 0 -0.31631256012969777 -0.31631256012969777 -9.536743164102499e-07
20 -9.536743164142498e-07 0 -0.31631529861394225 -0.31631529861394225 -4.768371582071249e-07
21 -4.7683715821112491e-07 0 -0.31631666786302925 -0.31631666786302925 -2.3841857910556245e-07
22 -2.3841857910956246e-07 0 -0.31631735248931414 -0.31631735248931414 -1.1920928955478123e-07
23 -1.1920928955878124e-07 0 -0.31631769480289174 -0.31631769480289174 -5.9604644779390619e-08
24 -5.9604644783390613e-08 0 -0.31631786595978939 -0.31631786595978939 -2.9802322391695306e-08
25 -2.9802322395695307e-08 0 -0.31631795153826547 -0.31631795153826547 -1.4901161197847654e-08
26 -1.4901161201847654e-08 0 -0.31631799432751051 -0.31631799432751051 -7.4505806009238271e-09
27 -7.4505806049238277e-09 0 -0.31631801572213447 -0.31631801572213447 -3.7252903024619138e-09
28 -3.7252903064619136e-09 0 -0.31631802641944695 -0.31631802641944695 -1.8626451532309568e-09
29 -1.862645157230957e-09 0 -0.31631803176810325 -0.31631803176810325 -9.3132257861547849e-10
30 -9.3132258261547847e-10 0 -0.31631803444243134 -0.31631803444243134 -4.6566129130773923e-10
31 -4.6566129530773921e-10 0 -0.31631803577959539 -0.31631803577959539 -2.3283064765386961e-10
32 -2.3283065165386958e-10 0 -0.31631803644817758 -0.31631803644817758 -1.1641532582693479e-10
33 -1.1641532982693479e-10 0 -0.31631803678246873 -0.31631803678246873 -5.8207664913467397e-11
34 -5.8207668913467399e-11 0 -0.31631803694961402 -0.31631803694961402 -2.9103834456733699e-11
35 -2.9103838456733702e-11 0 -0.31631803703318695 -0.31631803703318695 -1.4551919228366851e-11
36 -1.455192322836685e-11 0 -0.31631803707497319 -0.31631803707497319 -7.275961614183425e-12
37 -7.2759656141834257e-12 0 -0.31631803709586637 -0.31631803709586637 -3.6379828070917128e-12
38 -3.6379868070917127e-12 0 -0.31631803710631301 -0.31631803710631301 -1.8189934035458564e-12
39 -1.8189974035458562e-12 0 -0.31631803711153628 -0.31631803711153628 -9.0949870177292812e-13
40 -9.0950270177292821e-13 0 -0.31631803711414808 -0.31631803711414808 -4.5475135088646411e-13
41 -4.5475535088646409e-13 0 -0.31631803711545381 -0.31631803711545381 -2.2737767544323205e-13
42 -2.2738167544323203e-13 0 -0.31631803711610662 -0.31631803711610662 -1.1369083772161602e-13
43 -1.1369483772161603e-13 0 -0.31631803711643314 -0.31631803711643314 -5.6847418860808014e-14
44 -5.6851418860808013e-14 0 -0.31631803711659645 -0.31631803711659645 -2.8425709430404007e-14
45 -2.8429709430404006e-14 0 -0.31631803711667794 -0.31631803711667794 -1.4214854715202003e-14
46 -1.4218854715202002e-14 0 -0.31631803711671869 -0.31631803711671869 -7.1094273576010011e-15
47 -7.1134273576010004e-15 0 -0.31631803711673934 -0.31631803711673934 -3.5567136788005002e-15
48 -3.5607136788005003e-15 0 -0.31631803711674933 -0.31631803711674933 -1.7803568394002501e-15
49 -1.7843568394002502e-15 0 -0.31631803711675455 -0.31631803711675455 -8.921784197001251e-16
50 -8.9617841970012517e-16 0 -0.31631803711675699 -0.31631803711675699 -4.4808920985006258e-16
51 -4.5208920985006255e-16 0 -0.31631803711675843 -0.31631803711675843 -2.2604460492503127e-16
52 -4.5208920985006255e-16 -2.2204460492503128e-16 -0.31631803711675888 -0.31631803711675899 -3.3706690738754693e-16
53 -4.5208920985006255e-16 -3.3306690738754696e-16 -0.31631803711675843 -0.31631803711675865 -3.9257805861880476e-16
54 -3.9657805861880477e-16 -3.3306690738754696e-16 -0.31631803711675843 -0.31631803711675843 -3.6482248300317584e-16
55 -3.6882248300317586e-16 -3.3306690738754696e-16 -0.31631803711675843 -0.31631803711675843 -3.5094469519536139e-16
56 -3.549446951953614e-16 -3.3306690738754696e-16 -0.31631803711675843 -0.31631803711675843 -3.4400580129145416e-16
57 -3.4800580129145417e-16 -3.3306690738754696e-16 -0.31631803711675843 -0.31631803711675843 -3.4053635433950054e-16
58 -3.4453635433950056e-16 -3.3306690738754696e-16 -0.31631803711675843 -0.31631803711675843 -3.3880163086352374e-16
59 -3.4280163086352375e-16 -3.3306690738754696e-16 -0.31631803711675843 -0.31631803711675843 -3.3793426912553533e-16
