1 -1 -0.5 0.266743 0.266743 -0.75
2 -1 -0.749999 0.325481 0.325481 -0.875
3 -0.875 -0.749999 0.323307 0.323307 -0.8125
4 -0.8125 -0.749999 0.326861 0.326861 -0.78125
5 -0.8125 -0.781249 0.326794 0.326794 -0.796875
6 -0.8125 -0.796874 0.326982 0.326982 -0.804687
7 -0.804688 -0.796874 0.32696 0.32696 -0.800781
8 -0.800781 -0.796874 0.326981 0.326981 -0.798828
9 -0.798828 -0.796874 0.326984 0.326984 -0.797851
10 -0.798828 -0.797851 0.326984 0.326984 -0.79834
11 -0.798828 -0.798339 0.326984 0.326984 -0.798584
12 -0.798584 -0.798339 0.326984 0.326984 -0.798462
13 -0.798584 -0.798461 0.326984 0.326984 -0.798523
14 -0.798584 -0.798522 0.326984 0.326984 -0.798553
15 -0.798584 -0.798553 0.326984 0.326984 -0.798568
16 -0.798569 -0.798553 0.326984 0.326984 -0.798561
17 -0.798569 -0.79856 0.326984 0.326984 -0.798565
18 -0.798569 -0.798564 0.326984 0.326984 -0.798567
19 -0.798569 -0.798566 0.326984 0.326984 -0.798568
20 -0.798568 -0.798566 0.326984 0.326984 -0.798567
21 -0.798567 -0.798566 0.326984 0.326984 -0.798567
22 -0.798567 -0.798566 0.326984 0.326984 -0.798567
23 -0.798567 -0.798566 0.326984 0.326984 -0.798567
