1 -0.618034 -0.381966 0.305696 0.203979 -0.5
2 -1 -0.381966 0.326221 0.305696 -0.690983
3 -1 -0.618034 0.32504 0.326221 -0.809017
4 -0.854102 -0.618034 0.326221 0.321748 -0.736068
5 -0.854102 -0.708204 0.326984 0.326221 -0.781153
6 -0.854102 -0.763932 0.326703 0.326984 -0.809017
7 -0.81966 -0.763932 0.326984 0.326871 -0.791796
8 -0.81966 -0.785218 0.326944 0.326984 -0.802439
9 -0.806504 -0.785218 0.326984 0.326967 -0.795861
10 -0.806504 -0.793349 0.326979 0.326984 -0.799927
11 -0.801479 -0.793349 0.326984 0.326981 -0.797414
12 -0.801479 -0.796454 0.326983 0.326984 -0.798967
13 -0.79956 -0.796454 0.326984 0.326983 -0.798007
14 -0.79956 -0.797641 0.326984 0.326984 -0.7986
15 -0.798827 -0.797641 0.326984 0.326984 -0.798234
16 -0.798827 -0.798094 0.326984 0.326984 -0.79846
17 -0.798827 -0.798374 0.326984 0.326984 -0.7986
18 -0.798654 -0.798374 0.326984 0.326984 -0.798514
19 -0.798654 -0.798481 0.326984 0.326984 -0.798567
20 -0.798588 -0.798481 0.326984 0.326984 -0.798534
21 -0.798588 -0.798522 0.326984 0.326984 -0.798555
22 -0.798588 -0.798547 0.326984 0.326984 -0.798567
23 -0.798572 -0.798547 0.326984 0.326984 -0.79856
24 -0.798572 -0.798557 0.326984 0.326984 -0.798564
25 -0.798572 -0.798563 0.326984 0.326984 -0.798567
26 -0.798569 -0.798563 0.326984 0.326984 -0.798566
27 -0.798569 -0.798565 0.326984 0.326984 -0.798567
28 -0.798569 -0.798566 0.326984 0.326984 -0.798567
29 -0.798568 -0.798566 0.326984 0.326984 -0.798567
30 -0.798567 -0.798566 0.326984 0.326984 -0.798567
