1 -0.6180339887498949 -0.38196601125010521 0.30569584218565887 0.20397923034170562 -0.5
2 -1 -0.38196601125010521 0.32622113486317211 0.30569584218565887 -0.69098300562505255
3 -1 -0.6180339887498949 0.32504020120732136 0.32622113486317211 -0.80901699437494745
4 -0.8541019662496846 -0.6180339887498949 0.32622113486317211 0.32174774045252974 -0.73606797749978981
5 -0.8541019662496846 -0.70820393249936919 0.32698392864155557 0.32622113486317211 -0.78115294937452684
6 -0.8541019662496846 -0.76393202250021031 0.3267027631591668 0.32698392864155557 -0.80901699437494745
7 -0.81966011250105153 -0.76393202250021031 0.32698392864155557 0.3268709415272662 -0.79179606750063092
8 -0.81966011250105153 -0.78521825875241846 0.32694408115591239 0.32698392864155557 -0.802439185626735
9 -0.80650449500462673 -0.78521825875241846 0.32698392864155557 0.32696670030792835 -0.79586137687852254
10 -0.80650449500462673 -0.79334887750820182 0.32697858056915136 0.32698392864155557 -0.79992668625641428
11 -0.80147949626398518 -0.79334887750820182 0.32698392864155557 0.32698112614561731 -0.79741418688609356
12 -0.80147949626398518 -0.79645449752334363 0.32698332723750978 0.32698392864155557 -0.79896699689366435
13 -0.79956011753848555 -0.79645449752334363 0.32698392864155557 0.32698340914778928 -0.79800730753091464
14 -0.79956011753848555 -0.79764073881298592 0.32698390927856474 0.32698392864155557 -0.79860042817573573
15 -0.79882698010262809 -0.79764073881298592 0.32698392864155557 0.32698381058300385 -0.798233859457807
16 -0.79882698010262809 -0.79809384266677075 0.3269839519389322 0.32698392864155557 -0.79846041138469936
17 -0.79882698010262809 -0.79837387624884337 0.32698394736760017 0.3269839519389322 -0.79860042817573573
18 -0.79865390983091589 -0.79837387624884337 0.3269839519389322 0.32698394751839532 -0.79851389303987963
19 -0.79865390983091589 -0.79848083955920368 0.32698395190331475 0.3269839519389322 -0.79856737469505978
20 -0.79858780286956399 -0.79848083955920368 0.3269839519389322 0.32698395090379773 -0.79853432121438384
21 -0.79858780286956399 -0.79852169590821209 0.32698395217488496 0.3269839519389322 -0.79855474938888804
22 -0.79858780286956399 -0.79854694652055558 0.32698395216647669 0.32698395217488496 -0.79856737469505978
23 -0.79857219713289895 -0.79854694652055558 0.32698395217488496 0.32698395212116915 -0.79855957182672732
24 -0.79857219713289895 -0.79855659139623403 0.32698395218558052 0.32698395217488496 -0.79856439426456649
25 -0.79857219713289895 -0.7985625522572205 0.32698395218359566 0.32698395218558052 -0.79856737469505967
26 -0.79856851311820709 -0.7985625522572205 0.32698395218558052 0.32698395218352427 -0.7985655326877138
27 -0.79856851311820709 -0.79856482910351512 0.3269839521855975 0.32698395218558052 -0.7985666711108611
28 -0.79856851311820709 -0.79856623627191248 0.32698395218512888 0.3269839521855975 -0.79856737469505978
29 -0.79856764344030973 -0.79856623627191248 0.3269839521855975 0.3269839521857042 -0.79856693985611105
30 -0.79856710594980984 -0.79856623627191248 0.3269839521857042 0.3269839521857002 -0.79856667111086121
31 -0.79856710594980984 -0.79856656845930996 0.32698395218567994 0.3269839521857042 -0.7985668372045599
32 -0.79856690064670754 -0.79856656845930996 0.3269839521857042 0.32698395218570897 -0.79856673455300875
33 -0.79856677376241236 -0.79856656845930996 0.32698395218570897 0.32698395218570797 -0.79856667111086121
34 -0.79856677376241236 -0.79856664687811707 0.32698395218570797 0.32698395218570897 -0.79856671032026472
35 -0.79856672529692418 -0.79856664687811707 0.32698395218570897 0.32698395218570886 -0.79856668608752068
36 -0.79856672529692418 -0.79856667683143601 0.32698395218570869 0.32698395218570897 -0.79856670106418015
37 -0.79856670678475494 -0.79856667683143601 0.32698395218570897 0.32698395218570897 -0.79856669180809547
38 -0.79856669534360525 -0.79856667683143601 0.32698395218570897 0.32698395218570897 -0.79856668608752068
39 -0.79856668827258581 -0.79856667683143601 0.32698395218570897 0.32698395218570903 -0.79856668255201091
40 -0.79856668390245544 -0.79856667683143601 0.32698395218570903 0.32698395218570897 -0.79856668036694578
41 -0.79856668390245544 -0.79856667953232507 0.32698395218570897 0.32698395218570903 -0.7985666817173902
42 -0.79856668223321414 -0.79856667953232507 0.32698395218570903 0.32698395218570903 -0.79856668088276961
43 -0.79856668120156638 -0.79856667953232507 0.32698395218570903 0.32698395218570891 -0.79856668036694578
44 -0.79856668120156638 -0.7985666801699185 0.32698395218570891 0.32698395218570903 -0.79856668068574244
45 -0.79856668080751192 -0.7985666801699185 0.32698395218570903 0.32698395218570897 -0.79856668048871526
46 -0.79856668080751192 -0.79856668041345746 0.32698395218570897 0.32698395218570903 -0.79856668061048475
47 -0.79856668065699654 -0.79856668041345746 0.32698395218570903 0.32698395218570891 -0.79856668053522695
48 -0.79856668065699654 -0.79856668050648116 0.32698395218570908 0.32698395218570903 -0.79856668058173885
49 -0.79856668065699654 -0.79856668056397295 0.32698395218570897 0.32698395218570908 -0.79856668061048475
50 -0.79856668062146474 -0.79856668056397295 0.32698395218570908 0.32698395218570891 -0.79856668059271885
51 -0.79856668062146474 -0.79856668058593283 0.32698395218570897 0.32698395218570908 -0.79856668060369884
52 -0.79856668060789271 -0.79856668058593283 0.32698395218570908 0.32698395218570897 -0.79856668059691271
53 -0.79856668060789271 -0.79856668059432079 0.32698395218570891 0.32698395218570908 -0.79856668060110669
54 -0.79856668060270874 -0.79856668059432079 0.32698395218570908 0.32698395218570891 -0.79856668059851477
55 -0.79856668060270874 -0.79856668059752467 0.32698395218570891 0.32698395218570908 -0.79856668060011671
56 -0.79856668060072855 -0.79856668059752467 0.32698395218570908 0.32698395218570903 -0.79856668059912661
57 -0.79856668060072855 -0.79856668059874847 0.32698395218570891 0.32698395218570908 -0.79856668059973845
58 -0.79856668059997227 -0.79856668059874847 0.32698395218570908 0.32698395218570897 -0.79856668059936031
59 -0.79856668059997227 -0.79856668059921587 0.32698395218570897 0.32698395218570908 -0.79856668059959413
60 -0.79856668059968339 -0.79856668059921587 0.32698395218570908 0.32698395218570897 -0.79856668059944957
61 -0.79856668059968339 -0.7985666805993944 0.32698395218570897 0.32698395218570908 -0.79856668059953884
62 -0.79856668059957303 -0.7985666805993944 0.32698395218570908 0.32698395218570897 -0.79856668059948377
63 -0.79856668059957303 -0.79856668059946267 0.32698395218570897 0.32698395218570908 -0.79856668059951785
64 -0.79856668059953084 -0.79856668059946267 0.32698395218570908 0.32698395218570897 -0.79856668059949676
65 -0.79856668059953084 -0.79856668059948877 0.32698395218570891 0.32698395218570908 -0.79856668059950975
66 -0.79856668059951474 -0.79856668059948877 0.32698395218570908 0.32698395218570891 -0.79856668059950175
67 -0.79856668059951474 -0.79856668059949865 0.32698395218570891 0.32698395218570908 -0.79856668059950664
68 -0.79856668059950864 -0.79856668059949865 0.32698395218570908 0.32698395218570908 -0.79856668059950364
69 -0.79856668059950475 -0.79856668059949865 0.32698395218570908 0.32698395218570897 -0.79856668059950175
70 -0.79856668059950475 -0.79856668059950098 0.32698395218570903 0.32698395218570908 -0.79856668059950286
71 -0.79856668059950331 -0.79856668059950098 0.32698395218570908 0.32698395218570897 -0.7985666805995022
72 -0.79856668059950331 -0.79856668059950187 0.32698395218570891 0.32698395218570908 -0.79856668059950264
73 -0.79856668059950275 -0.79856668059950187 0.32698395218570908 0.32698395218570903 -0.79856668059950231
74 -0.79856668059950275 -0.7985666805995022 0.32698395218570908 0.32698395218570908 -0.79856668059950242
75 -0.79856668059950253 -0.7985666805995022 0.32698395218570908 0.32698395218570903 -0.79856668059950242
76 -0.79856668059950253 -0.79856668059950231 0.32698395218570908 0.32698395218570908 -0.79856668059950242
77 -0.79856668059950242 -0.79856668059950231 0.32698395218570908 0.32698395218570903 -0.79856668059950242
78 -0.79856668059950242 -0.79856668059950231 0.32698395218570908 0.32698395218570908 -0.79856668059950242
79 -0.79856668059950242 -0.79856668059950231 0.32698395218570908 0.32698395218570903 -0.79856668059950242
80 -0.79856668059950242 -0.79856668059950231 0.32698395218570908 0.32698395218570908 -0.79856668059950242
81 -0.79856668059950242 -0.79856668059950231 0.32698395218570908 0.32698395218570903 -0.79856668059950242
82 -0.79856668059950242 -0.79856668059950231 0.32698395218570908 0.32698395218570908 -0.79856668059950242
83 -0.79856668059950242 -0.79856668059950231 0.32698395218570908 0.32698395218570903 -0.79856668059950242
84 -0.79856668059950242 -0.79856668059950231 0.32698395218570908 0.32698395218570908 -0.79856668059950242
85 -0.79856668059950242 -0.79856668059950231 0.32698395218570908 0.32698395218570903 -0.79856668059950242
86 -0.79856668059950242 -0.79856668059950231 0.32698395218570908 0.32698395218570908 -0.79856668059950242
87 -0.79856668059950242 -0.79856668059950231 0.32698395218570908 0.32698395218570903 -0.79856668059950242
88 -0.79856668059950242 -0.79856668059950231 0.32698395218570908 0.32698395218570908 -0.79856668059950242
89 -0.79856668059950242 -0.79856668059950231 0.32698395218570908 0.32698395218570903 -0.79856668059950242
90 -0.79856668059950242 -0.79856668059950231 0.32698395218570908 0.32698395218570908 -0.79856668059950242
91 -0.79856668059950242 -0.79856668059950231 0.32698395218570908 0.32698395218570903 -0.79856668059950242
92 -0.79856668059950242 -0.79856668059950231 0.32698395218570908 0.32698395218570908 -0.79856668059950242
93 -0.79856668059950242 -0.79856668059950231 0.32698395218570908 0.32698395218570903 -0.79856668059950242
94 -0.79856668059950242 -0.79856668059950231 0.32698395218570908 0.32698395218570908 -0.79856668059950242
95 -0.79856668059950242 -0.79856668059950231 0.32698395218570908 0.32698395218570903 -0.79856668059950242
96 -0.79856668059950242 -0.79856668059950231 0.32698395218570908 0.32698395218570908 -0.79856668059950242
97 -0.79856668059950242 -0.79856668059950231 0.32698395218570908 0.32698395218570903 -0.79856668059950242
98 -0.79856668059950242 -0.79856668059950231 0.32698395218570908 0.32698395218570908 -0.79856668059950242
99 -0.79856668059950242 -0.79856668059950231 0.32698395218570908 0.32698395218570903 -0.79856668059950242
100 -0.79856668059950242 -0.79856668059950231 0.32698395218570908 0.32698395218570908 -0.79856668059950242
101 -0.79856668059950242 -0.79856668059950231 0.32698395218570908 0.32698395218570903 -0.79856668059950242
102 -0.79856668059950242 -0.79856668059950231 0.32698395218570908 0.32698395218570908 -0.79856668059950242
